eval_loss: 0.49703648686408997
eval_accuracy: 0.8787142085359265
eval_f1: 0.8786744442549697
eval_accuracy_0: 0.9290393013100436
eval_accuracy_1: 0.8385964912280702
eval_accuracy_2: 0.8042381432896064
eval_accuracy_3: 0.9446808510638298
eval_f1_0: 0.9295466957946478
eval_f1_1: 0.816628701594533
eval_f1_2: 0.8233471074380165
eval_f1_3: 0.9441786283891547
eval_runtime: 35.7044
eval_samples_per_second: 103.685
eval_steps_per_second: 6.498
epoch: 5.0
